           1           1           1        2008  0.0000000E+00
           2           1           2        2008  0.0000000E+00
           3           1           3        2008  0.0000000E+00
           4           1           4        2008  0.0000000E+00
           5           1           5        2008  0.0000000E+00
           6           1           6        2008  0.0000000E+00
           7           1           7        2008  0.0000000E+00
           8           1           8        2008  0.0000000E+00
           9           1           9        2008  0.0000000E+00
          10           1          10        2008  0.0000000E+00
          11           1          11        2008  0.0000000E+00
          12           1          12        2008  0.0000000E+00
          13           1          13        2008  0.0000000E+00
          14           1          14        2008  0.0000000E+00
          15           1          15        2008  0.0000000E+00
          16           1          16        2008  0.0000000E+00
          17           1          17        2008  0.0000000E+00
          18           1          18        2008  0.0000000E+00
          19           1          19        2008  0.0000000E+00
          20           1          20        2008  0.0000000E+00
          21           1          21        2008  0.0000000E+00
          22           1          22        2008  0.0000000E+00
          23           1          23        2008  0.0000000E+00
          24           1          24        2008  0.0000000E+00
          25           1          25        2008  0.0000000E+00
          26           1          26        2008  1.7446199E-09
          27           1          27        2008  0.0000000E+00
          28           1          28        2008  0.0000000E+00
          29           1          29        2008  0.0000000E+00
          30           1          30        2008  0.0000000E+00
          31           1          31        2008  0.0000000E+00
          32           2           1        2008  0.0000000E+00
          33           2           2        2008  0.0000000E+00
          34           2           3        2008  0.0000000E+00
          35           2           4        2008  0.0000000E+00
          36           2           5        2008  1.3688620E-02
          37           2           6        2008  7.0599563E-02
          38           2           7        2008  5.3575085E-03
          39           2           8        2008  9.2098227E-04
          40           2           9        2008  3.8142444E-04
          41           2          10        2008  1.7840213E-04
          42           2          11        2008  1.0900923E-04
          43           2          12        2008  1.2008840E-04
          44           2          13        2008  5.2808457E-05
          45           2          14        2008  5.0087361E-05
          46           2          15        2008  2.5974441E-05
          47           2          16        2008  1.8244487E-05
          48           2          17        2008  7.4239597E-02
          49           2          18        2008  8.8774692E-03
          50           2          19        2008  2.0998025E-03
          51           2          20        2008  8.0632954E-04
          52           2          21        2008  3.9440548E-04
          53           2          22        2008  2.4471155E-04
          54           2          23        2008  1.2569482E-04
          55           2          24        2008  7.4185686E-05
          56           2          25        2008  4.6990990E-05
          57           2          26        2008  1.5771066E-04
          58           2          27        2008  2.0512463E-05
          59           2          28        2008  1.2846701E-05
          60           2          29        2008  2.5654197E-05
          61           3           1        2008  5.9250556E-06
          62           3           2        2008  4.0889052E-03
          63           3           3        2008  0.1067940    
          64           3           4        2008  1.3670247E-02
          65           3           5        2008  3.5617230E-03
          66           3           6        2008  3.4961626E-02
          67           3           7        2008  4.6053343E-03
          68           3           8        2008  1.3328096E-03
          69           3           9        2008  5.6534988E-04
          70           3          10        2008  3.4226506E-04
          71           3          11        2008  1.7189770E-04
          72           3          12        2008  1.0493641E-04
          73           3          13        2008  1.3565919E-02
          74           3          14        2008  7.3828250E-03
          75           3          15        2008  9.0005220E-04
          76           3          16        2008  2.2846260E-04
          77           3          17        2008  1.1357383E-04
          78           3          18        2008  3.8096767E-02
          79           3          19        2008  6.6742755E-02
          80           3          20        2008  8.5436879E-03
          81           3          21        2008  2.5875806E-03
          82           3          22        2008  1.2010391E-03
          83           3          23        2008  6.3696952E-04
          84           3          24        2008  3.7983156E-04
          85           3          25        2008  8.2080103E-03
          86           3          26        2008  1.2144292E-03
          87           3          27        2008  3.8228545E-02
          88           3          28        2008  5.2066301E-03
          89           3          29        2008  1.7096265E-03
          90           3          30        2008  7.5040995E-03
          91           3          31        2008  8.9416057E-03
          92           4           1        2008  2.3128837E-03
          93           4           2        2008  7.7643350E-04
          94           4           3        2008  1.9540973E-03
          95           4           4        2008  3.3435456E-02
          96           4           5        2008  4.9170740E-03
          97           4           6        2008  1.6695793E-03
          98           4           7        2008  7.9873524E-04
          99           4           8        2008  4.4576061E-04
         100           4           9        2008  2.7074129E-04
         101           4          10        2008  6.6593336E-04
         102           4          11        2008  5.6025628E-02
         103           4          12        2008  7.4923960E-03
         104           4          13        2008  2.3197730E-03
         105           4          14        2008  9.8682090E-04
         106           4          15        2008  5.1391392E-04
         107           4          16        2008  2.8752830E-04
         108           4          17        2008  1.6602929E-04
         109           4          18        2008  9.6089600E-05
         110           4          19        2008  4.1607773E-04
         111           4          20        2008  8.9204586E-05
         112           4          21        2008  2.2307921E-05
         113           4          22        2008  5.7868906E-06
         114           4          23        2008  0.0000000E+00
         115           4          24        2008  0.0000000E+00
         116           4          25        2008  1.0110247E-03
         117           4          26        2008  1.4141556E-04
         118           4          27        2008  0.0000000E+00
         119           4          28        2008  1.6545979E-04
         120           4          29        2008  0.0000000E+00
         121           4          30        2008  0.0000000E+00
         122           5           1        2008  0.0000000E+00
         123           5           2        2008  1.4326114E-02
         124           5           3        2008  2.8860047E-02
         125           5           4        2008  2.8849659E-03
         126           5           5        2008  6.5446569E-04
         127           5           6        2008  2.3083967E-04
         128           5           7        2008  3.0064522E-03
         129           5           8        2008  1.3483768E-04
         130           5           9        2008  3.2613281E-04
         131           5          10        2008  1.2597915E-05
         132           5          11        2008  6.0773925E-03
         133           5          12        2008  2.0146964E-03
         134           5          13        2008  5.4852084E-05
         135           5          14        2008  1.1036473E-03
         136           5          15        2008  3.4888955E-05
         137           5          16        2008  1.1516841E-03
         138           5          17        2008  1.3443068E-04
         139           5          18        2008  8.9118769E-03
         140           5          19        2008  5.7989877E-04
         141           5          20        2008  9.4066861E-05
         142           5          21        2008  5.0495106E-05
         143           5          22        2008  1.4093805E-06
         144           5          23        2008  0.0000000E+00
         145           5          24        2008  0.0000000E+00
         146           5          25        2008  0.0000000E+00
         147           5          26        2008  2.0703588E-04
         148           5          27        2008  0.0000000E+00
         149           5          28        2008  0.0000000E+00
         150           5          29        2008  0.0000000E+00
         151           5          30        2008  5.1384286E-06
         152           5          31        2008  1.4867381E-02
         153           6           1        2008  8.4857852E-04
         154           6           2        2008  9.8804965E-05
         155           6           3        2008  4.7350447E-03
         156           6           4        2008  9.9364930E-05
         157           6           5        2008  0.0000000E+00
         158           6           6        2008  0.0000000E+00
         159           6           7        2008  0.0000000E+00
         160           6           8        2008  0.0000000E+00
         161           6           9        2008  1.2475302E-03
         162           6          10        2008  6.0178298E-03
         163           6          11        2008  9.3253329E-05
         164           6          12        2008  0.0000000E+00
         165           6          13        2008  3.5744573E-03
         166           6          14        2008  6.8439404E-04
         167           6          15        2008  6.9150148E-05
         168           6          16        2008  0.0000000E+00
         169           6          17        2008  0.0000000E+00
         170           6          18        2008  0.0000000E+00
         171           6          19        2008  0.0000000E+00
         172           6          20        2008  0.0000000E+00
         173           6          21        2008  1.2844807E-03
         174           6          22        2008  7.6814404E-06
         175           6          23        2008  4.6081368E-05
         176           6          24        2008  0.0000000E+00
         177           6          25        2008  5.2828002E-03
         178           6          26        2008  1.2948232E-03
         179           6          27        2008  0.0000000E+00
         180           6          28        2008  5.8294772E-05
         181           6          29        2008  1.0921352E-03
         182           6          30        2008  1.4324457E-03
         183           7           1        2008  0.0000000E+00
         184           7           2        2008  7.2252471E-03
         185           7           3        2008  1.3576144E-02
         186           7           4        2008  4.9220445E-04
         187           7           5        2008  3.5177425E-05
         188           7           6        2008  0.0000000E+00
         189           7           7        2008  0.0000000E+00
         190           7           8        2008  4.5700036E-03
         191           7           9        2008  8.6690433E-04
         192           7          10        2008  1.6248062E-03
         193           7          11        2008  0.0000000E+00
         194           7          12        2008  1.1252755E-03
         195           7          13        2008  8.0546929E-04
         196           7          14        2008  0.0000000E+00
         197           7          15        2008  0.0000000E+00
         198           7          16        2008  0.0000000E+00
         199           7          17        2008  0.0000000E+00
         200           7          18        2008  0.0000000E+00
         201           7          19        2008  9.8922488E-04
         202           7          20        2008  0.0000000E+00
         203           7          21        2008  1.5887158E-04
         204           7          22        2008  0.0000000E+00
         205           7          23        2008  9.3304261E-05
         206           7          24        2008  0.0000000E+00
         207           7          25        2008  0.0000000E+00
         208           7          26        2008  0.0000000E+00
         209           7          27        2008  0.0000000E+00
         210           7          28        2008  0.0000000E+00
         211           7          29        2008  0.0000000E+00
         212           7          30        2008  0.0000000E+00
         213           7          31        2008  0.0000000E+00
         214           8           1        2008  1.4147197E-03
         215           8           2        2008  0.0000000E+00
         216           8           3        2008  0.0000000E+00
         217           8           4        2008  0.0000000E+00
         218           8           5        2008  0.0000000E+00
         219           8           6        2008  0.0000000E+00
         220           8           7        2008  0.0000000E+00
         221           8           8        2008  0.0000000E+00
         222           8           9        2008  5.9792981E-04
         223           8          10        2008  0.0000000E+00
         224           8          11        2008  0.0000000E+00
         225           8          12        2008  0.0000000E+00
         226           8          13        2008  1.3888713E-03
         227           8          14        2008  7.1280815E-06
         228           8          15        2008  0.0000000E+00
         229           8          16        2008  0.0000000E+00
         230           8          17        2008  0.0000000E+00
         231           8          18        2008  0.0000000E+00
         232           8          19        2008  0.0000000E+00
         233           8          20        2008  0.0000000E+00
         234           8          21        2008  0.0000000E+00
         235           8          22        2008  0.0000000E+00
         236           8          23        2008  0.0000000E+00
         237           8          24        2008  2.5361232E-04
         238           8          25        2008  0.0000000E+00
         239           8          26        2008  0.0000000E+00
         240           8          27        2008  6.9339740E-06
         241           8          28        2008  0.0000000E+00
         242           8          29        2008  6.4657062E-05
         243           8          30        2008  0.0000000E+00
         244           8          31        2008  0.0000000E+00
         245           9           1        2008  0.0000000E+00
         246           9           2        2008  0.0000000E+00
         247           9           3        2008  0.0000000E+00
         248           9           4        2008  0.0000000E+00
         249           9           5        2008  1.0826911E-04
         250           9           6        2008  9.1669324E-05
         251           9           7        2008  7.4936670E-06
